s10000001   Taro Aizu 80 20 100 100 100 10 5
s10000002   Jiro Aizu 100 90 90 90 100 90 90 90 90
s10000003   Nuri Aizu 0 100
s10000004   Taro Kin 0 100 100
s10000005   Atami Bandai 100 90 90 50 50 50 50
s10000006   Kogen Bandai 0 0 100 100 100 10
s10000007   Choucreme Hirota 50 50 50 50 50 50 50 50 50 50 50 50 50
s10000008   Kitakata Ramen 25 25 0 50 10 80 10 5
s10000009   Beko Aka 25 25 0 50 10 80 10 5
s10000010   Jo Tsuruga 25 25 0 50 10 80 10 5 
s10000011   Byakko Tai 100 90 90 50 50 50 50 
s10000012   kan Nisshin 100 100 100
s10000013   Yashiki Buke 100 100 0 0 100 
s10000014   Ujisato Gamo 30 20 10 20 30 40 50 60
s10000015   Iimori Yama 90 90 100 100 10
s10000016   En Oyaku 90 90 100 100 90 10
s10000017   San Iide 90 90 100 100 10 
s10000018   Onsen Higashimaya 90 90 85 100 100 10
s10000019   Shiroko Inawa 90 90 100 100
s10000020   Homare Aizu 90 90 100 100 100 0
s10000021   Soba Shin 90 90 100 100 20
s10000022   Juku Ouchi 0 50 50 50 10 65
s10000023   Hetsuri Tono 90 90 100 100 10
s10000024   Ski Nekoma 90 90 100 100 10
s1220025	Toshihiro Endo 90 90 85 100 100 10
s1220026	Naoya Okuyama 26 97 8 28 95 7 69 26 43 7
s1220027	Yuto Kawasaki 82 38 72 51 54 27 89 44 49
s1220028	Ryo Kuribayashi 25 63 80 37 9 2 6 99
s1220029	Honoka Koshino26 31 97 70 87 1 43
s1220030	Hikaru Kondo 10 100 100
s1220031	Koji Sato 82 38 72 51 54 27 89 44 49
s1220032	Shogo Suzuki 100 100 10 97 8 28 95 7 69 26 43 7
s1220033	Shota Takahashi 28 95 7 69 26 43 7
s1220034	Masayuki Tokutake 38 72 51 54 27 89 44 49
s1220035	Takaya Naruse 50 50 0 50 97 8 28 95 7 69 26 43 7
s1220036	Hiromi Hamaguchi 50 50 50 50 50 50 50 50 50 50 50
s1220037	Masaya Hayashi 90 90 100 100 10
s1220038	Kento Fukumitsu 90 90 100 100 10
s1220039	Takeru Honda 8 72 51 54 27 89 44 49
s1220040	Masaya Manjome 50 50 50 50 50 50 8 72 51 54 27 89 44 49
